{
 "cells": [
  {
   "cell_type": "markdown",
   "metadata": {},
   "source": [
    "#  Correlation of Features\n"
   ]
  },
  {
   "cell_type": "code",
   "execution_count": 42,
   "metadata": {},
   "outputs": [
    {
     "data": {
      "text/html": [
       "<script>requirejs.config({paths: { 'plotly': ['https://cdn.plot.ly/plotly-latest.min']},});if(!window.Plotly) {{require(['plotly'],function(plotly) {window.Plotly=plotly;});}}</script>"
      ],
      "text/vnd.plotly.v1+html": [
       "<script>requirejs.config({paths: { 'plotly': ['https://cdn.plot.ly/plotly-latest.min']},});if(!window.Plotly) {{require(['plotly'],function(plotly) {window.Plotly=plotly;});}}</script>"
      ]
     },
     "metadata": {},
     "output_type": "display_data"
    }
   ],
   "source": [
    "# data analysis and wrangling\n",
    "import pandas as pd\n",
    "import numpy as np\n",
    "import random as rnd\n",
    "\n",
    "\n",
    "# visualization\n",
    "import matplotlib.pyplot as plt\n",
    "%matplotlib inline\n",
    "\n",
    "# Import statements required for Plotly \n",
    "import plotly.offline as py\n",
    "py.init_notebook_mode(connected=True)\n",
    "import plotly.graph_objs as go\n",
    "import plotly.tools as tls\n",
    "\n",
    "\n",
    "# for warnings \n",
    "import warnings\n",
    "warnings.filterwarnings('ignore')"
   ]
  },
  {
   "cell_type": "code",
   "execution_count": 43,
   "metadata": {},
   "outputs": [],
   "source": [
    "enquiry = pd.read_csv('raw_enquiry_70_new.csv')\n",
    "data = pd.read_csv('raw_data_70_new.csv')\n",
    "account = pd.read_csv('raw_account_70_new.csv')"
   ]
  },
  {
   "cell_type": "markdown",
   "metadata": {},
   "source": [
    "## Enquiry - Heat map"
   ]
  },
  {
   "cell_type": "code",
   "execution_count": 44,
   "metadata": {},
   "outputs": [
    {
     "data": {
      "application/vnd.plotly.v1+json": {
       "data": [
        {
         "colorscale": "Viridis",
         "opacity": 1,
         "reversescale": false,
         "text": true,
         "type": "heatmap",
         "x": [
          "customer_no",
          "enq_amt",
          "enq_purpose"
         ],
         "y": [
          "customer_no",
          "enq_amt",
          "enq_purpose"
         ],
         "z": [
          [
           1,
           -0.014068012541695854,
           -0.010926450290436493
          ],
          [
           -0.014068012541695854,
           1,
           0.05062369115948172
          ],
          [
           -0.010926450290436493,
           0.05062369115948172,
           1
          ]
         ]
        }
       ],
       "layout": {
        "height": 700,
        "title": "Pearson Correlation for Enquiry",
        "width": 800,
        "xaxis": {
         "nticks": 36,
         "ticks": ""
        },
        "yaxis": {
         "ticks": ""
        }
       }
      },
      "text/html": [
       "<div id=\"a9574cf3-8541-47ba-8f81-4908e937926d\" style=\"height: 700px; width: 800px;\" class=\"plotly-graph-div\"></div><script type=\"text/javascript\">require([\"plotly\"], function(Plotly) { window.PLOTLYENV=window.PLOTLYENV || {};window.PLOTLYENV.BASE_URL=\"https://plot.ly\";Plotly.newPlot(\"a9574cf3-8541-47ba-8f81-4908e937926d\", [{\"type\": \"heatmap\", \"z\": [[1.0, -0.014068012541695854, -0.010926450290436493], [-0.014068012541695854, 1.0, 0.05062369115948172], [-0.010926450290436493, 0.05062369115948172, 1.0]], \"x\": [\"customer_no\", \"enq_amt\", \"enq_purpose\"], \"y\": [\"customer_no\", \"enq_amt\", \"enq_purpose\"], \"colorscale\": \"Viridis\", \"reversescale\": false, \"text\": true, \"opacity\": 1.0}], {\"title\": \"Pearson Correlation for Enquiry\", \"xaxis\": {\"ticks\": \"\", \"nticks\": 36}, \"yaxis\": {\"ticks\": \"\"}, \"width\": 800, \"height\": 700}, {\"showLink\": true, \"linkText\": \"Export to plot.ly\"})});</script>"
      ],
      "text/vnd.plotly.v1+html": [
       "<div id=\"a9574cf3-8541-47ba-8f81-4908e937926d\" style=\"height: 700px; width: 800px;\" class=\"plotly-graph-div\"></div><script type=\"text/javascript\">require([\"plotly\"], function(Plotly) { window.PLOTLYENV=window.PLOTLYENV || {};window.PLOTLYENV.BASE_URL=\"https://plot.ly\";Plotly.newPlot(\"a9574cf3-8541-47ba-8f81-4908e937926d\", [{\"type\": \"heatmap\", \"z\": [[1.0, -0.014068012541695854, -0.010926450290436493], [-0.014068012541695854, 1.0, 0.05062369115948172], [-0.010926450290436493, 0.05062369115948172, 1.0]], \"x\": [\"customer_no\", \"enq_amt\", \"enq_purpose\"], \"y\": [\"customer_no\", \"enq_amt\", \"enq_purpose\"], \"colorscale\": \"Viridis\", \"reversescale\": false, \"text\": true, \"opacity\": 1.0}], {\"title\": \"Pearson Correlation for Enquiry\", \"xaxis\": {\"ticks\": \"\", \"nticks\": 36}, \"yaxis\": {\"ticks\": \"\"}, \"width\": 800, \"height\": 700}, {\"showLink\": true, \"linkText\": \"Export to plot.ly\"})});</script>"
      ]
     },
     "metadata": {},
     "output_type": "display_data"
    }
   ],
   "source": [
    "# creating a list of only numerical values\n",
    "categorical_enquiry = []\n",
    "for col, value in enquiry.iteritems():\n",
    "    if value.dtype == 'object':\n",
    "        categorical_enquiry.append(col)\n",
    "\n",
    "# Store the numerical columns in a list numerical\n",
    "numerical_enquiry = enquiry.columns.difference(categorical_enquiry)\n",
    "\n",
    "data1 = [go.Heatmap(\n",
    "        z=enquiry[numerical_enquiry].astype(float).corr().values, # Generating the Pearson correlation\n",
    "        x=enquiry[numerical_enquiry].columns.values,\n",
    "        y=enquiry[numerical_enquiry].columns.values,\n",
    "        colorscale='Viridis',\n",
    "        reversescale = False,\n",
    "        text = True ,\n",
    "        opacity = 1.0\n",
    "        \n",
    "    )\n",
    "]\n",
    "\n",
    "\n",
    "layout = go.Layout(\n",
    "    title='Pearson Correlation for Enquiry',\n",
    "    xaxis = dict(ticks='', nticks=36),\n",
    "    yaxis = dict(ticks='' ),\n",
    "    width = 800, height = 700,\n",
    "    \n",
    ")\n",
    "\n",
    "\n",
    "fig = go.Figure(data=data1, layout=layout)\n",
    "py.iplot(fig, filename='labelled-heatmap')"
   ]
  },
  {
   "cell_type": "markdown",
   "metadata": {},
   "source": [
    "## Account - Heat map"
   ]
  },
  {
   "cell_type": "code",
   "execution_count": 45,
   "metadata": {},
   "outputs": [
    {
     "data": {
      "application/vnd.plotly.v1+json": {
       "data": [
        {
         "colorscale": "Viridis",
         "opacity": 1,
         "reversescale": false,
         "text": true,
         "type": "heatmap",
         "x": [
          "acct_type",
          "actualpaymentamount",
          "amt_past_due",
          "cashlimit",
          "creditlimit",
          "cur_balance_amt",
          "customer_no",
          "high_credit_amt",
          "owner_indic",
          "paymentfrequency"
         ],
         "y": [
          "acct_type",
          "actualpaymentamount",
          "amt_past_due",
          "cashlimit",
          "creditlimit",
          "cur_balance_amt",
          "customer_no",
          "high_credit_amt",
          "owner_indic",
          "paymentfrequency"
         ],
         "z": [
          [
           1,
           -0.03999697513416996,
           0.06627829177238122,
           0.0198797310450524,
           0.06022509827023938,
           -0.084300434681626,
           0.002400908691810833,
           -0.07163597953511941,
           -0.08503243302120457,
           0.06724902985896457
          ],
          [
           -0.03999697513416996,
           1,
           0.06955192761014461,
           0.18427567017664087,
           0.261117765657252,
           0.7215053780952349,
           -0.006028742548505917,
           0.7699836947995526,
           0.07315229059416867,
           -0.008815904967140192
          ],
          [
           0.06627829177238122,
           0.06955192761014461,
           1,
           0.07030431672933074,
           0.018536955003769985,
           0.27997960541211836,
           -0.033692304709961665,
           0.2573516748904071,
           0.026139299526642925,
           -0.13848010340890352
          ],
          [
           0.0198797310450524,
           0.18427567017664087,
           0.07030431672933074,
           1,
           0.7584585419461441,
           0.18913984951393384,
           -0.011161459639089388,
           0.35947736872027286,
           0.07587522820610212,
           null
          ],
          [
           0.06022509827023938,
           0.261117765657252,
           0.018536955003769985,
           0.7584585419461441,
           1,
           0.3126366394963564,
           -0.013975424853384374,
           0.5026031390693267,
           0.05008045103383629,
           null
          ],
          [
           -0.084300434681626,
           0.7215053780952349,
           0.27997960541211836,
           0.18913984951393384,
           0.3126366394963564,
           1,
           -0.005074271474433306,
           0.7555998600604154,
           0.2279362456472686,
           -0.07542708289611146
          ],
          [
           0.002400908691810833,
           -0.006028742548505917,
           -0.033692304709961665,
           -0.011161459639089388,
           -0.013975424853384374,
           -0.005074271474433306,
           1,
           -0.012919170735093858,
           -0.009511131262321466,
           0.02600897934666123
          ],
          [
           -0.07163597953511941,
           0.7699836947995526,
           0.2573516748904071,
           0.35947736872027286,
           0.5026031390693267,
           0.7555998600604154,
           -0.012919170735093858,
           1,
           0.2668231123885837,
           -0.08420613309292004
          ],
          [
           -0.08503243302120457,
           0.07315229059416867,
           0.026139299526642925,
           0.07587522820610212,
           0.05008045103383629,
           0.2279362456472686,
           -0.009511131262321466,
           0.2668231123885837,
           1,
           -0.2246505396300233
          ],
          [
           0.06724902985896457,
           -0.008815904967140192,
           -0.13848010340890352,
           null,
           null,
           -0.07542708289611146,
           0.02600897934666123,
           -0.08420613309292004,
           -0.2246505396300233,
           1
          ]
         ]
        }
       ],
       "layout": {
        "height": 700,
        "title": "Pearson Correlation for Account",
        "width": 800,
        "xaxis": {
         "nticks": 36,
         "ticks": ""
        },
        "yaxis": {
         "ticks": ""
        }
       }
      },
      "text/html": [
       "<div id=\"e4bf7aad-83bb-4b9e-a919-b78c317b0a4b\" style=\"height: 700px; width: 800px;\" class=\"plotly-graph-div\"></div><script type=\"text/javascript\">require([\"plotly\"], function(Plotly) { window.PLOTLYENV=window.PLOTLYENV || {};window.PLOTLYENV.BASE_URL=\"https://plot.ly\";Plotly.newPlot(\"e4bf7aad-83bb-4b9e-a919-b78c317b0a4b\", [{\"type\": \"heatmap\", \"z\": [[1.0, -0.03999697513416996, 0.06627829177238122, 0.0198797310450524, 0.06022509827023938, -0.084300434681626, 0.002400908691810833, -0.07163597953511941, -0.08503243302120457, 0.06724902985896457], [-0.03999697513416996, 1.0, 0.06955192761014461, 0.18427567017664087, 0.261117765657252, 0.7215053780952349, -0.006028742548505917, 0.7699836947995526, 0.07315229059416867, -0.008815904967140192], [0.06627829177238122, 0.06955192761014461, 1.0, 0.07030431672933074, 0.018536955003769985, 0.27997960541211836, -0.033692304709961665, 0.2573516748904071, 0.026139299526642925, -0.13848010340890352], [0.0198797310450524, 0.18427567017664087, 0.07030431672933074, 1.0, 0.7584585419461441, 0.18913984951393384, -0.011161459639089388, 0.35947736872027286, 0.07587522820610212, null], [0.06022509827023938, 0.261117765657252, 0.018536955003769985, 0.7584585419461441, 1.0, 0.3126366394963564, -0.013975424853384374, 0.5026031390693267, 0.05008045103383629, null], [-0.084300434681626, 0.7215053780952349, 0.27997960541211836, 0.18913984951393384, 0.3126366394963564, 1.0, -0.005074271474433306, 0.7555998600604154, 0.2279362456472686, -0.07542708289611146], [0.002400908691810833, -0.006028742548505917, -0.033692304709961665, -0.011161459639089388, -0.013975424853384374, -0.005074271474433306, 1.0, -0.012919170735093858, -0.009511131262321466, 0.02600897934666123], [-0.07163597953511941, 0.7699836947995526, 0.2573516748904071, 0.35947736872027286, 0.5026031390693267, 0.7555998600604154, -0.012919170735093858, 1.0, 0.2668231123885837, -0.08420613309292004], [-0.08503243302120457, 0.07315229059416867, 0.026139299526642925, 0.07587522820610212, 0.05008045103383629, 0.2279362456472686, -0.009511131262321466, 0.2668231123885837, 1.0, -0.2246505396300233], [0.06724902985896457, -0.008815904967140192, -0.13848010340890352, null, null, -0.07542708289611146, 0.02600897934666123, -0.08420613309292004, -0.2246505396300233, 1.0]], \"x\": [\"acct_type\", \"actualpaymentamount\", \"amt_past_due\", \"cashlimit\", \"creditlimit\", \"cur_balance_amt\", \"customer_no\", \"high_credit_amt\", \"owner_indic\", \"paymentfrequency\"], \"y\": [\"acct_type\", \"actualpaymentamount\", \"amt_past_due\", \"cashlimit\", \"creditlimit\", \"cur_balance_amt\", \"customer_no\", \"high_credit_amt\", \"owner_indic\", \"paymentfrequency\"], \"colorscale\": \"Viridis\", \"reversescale\": false, \"text\": true, \"opacity\": 1.0}], {\"title\": \"Pearson Correlation for Account\", \"xaxis\": {\"ticks\": \"\", \"nticks\": 36}, \"yaxis\": {\"ticks\": \"\"}, \"width\": 800, \"height\": 700}, {\"showLink\": true, \"linkText\": \"Export to plot.ly\"})});</script>"
      ],
      "text/vnd.plotly.v1+html": [
       "<div id=\"e4bf7aad-83bb-4b9e-a919-b78c317b0a4b\" style=\"height: 700px; width: 800px;\" class=\"plotly-graph-div\"></div><script type=\"text/javascript\">require([\"plotly\"], function(Plotly) { window.PLOTLYENV=window.PLOTLYENV || {};window.PLOTLYENV.BASE_URL=\"https://plot.ly\";Plotly.newPlot(\"e4bf7aad-83bb-4b9e-a919-b78c317b0a4b\", [{\"type\": \"heatmap\", \"z\": [[1.0, -0.03999697513416996, 0.06627829177238122, 0.0198797310450524, 0.06022509827023938, -0.084300434681626, 0.002400908691810833, -0.07163597953511941, -0.08503243302120457, 0.06724902985896457], [-0.03999697513416996, 1.0, 0.06955192761014461, 0.18427567017664087, 0.261117765657252, 0.7215053780952349, -0.006028742548505917, 0.7699836947995526, 0.07315229059416867, -0.008815904967140192], [0.06627829177238122, 0.06955192761014461, 1.0, 0.07030431672933074, 0.018536955003769985, 0.27997960541211836, -0.033692304709961665, 0.2573516748904071, 0.026139299526642925, -0.13848010340890352], [0.0198797310450524, 0.18427567017664087, 0.07030431672933074, 1.0, 0.7584585419461441, 0.18913984951393384, -0.011161459639089388, 0.35947736872027286, 0.07587522820610212, null], [0.06022509827023938, 0.261117765657252, 0.018536955003769985, 0.7584585419461441, 1.0, 0.3126366394963564, -0.013975424853384374, 0.5026031390693267, 0.05008045103383629, null], [-0.084300434681626, 0.7215053780952349, 0.27997960541211836, 0.18913984951393384, 0.3126366394963564, 1.0, -0.005074271474433306, 0.7555998600604154, 0.2279362456472686, -0.07542708289611146], [0.002400908691810833, -0.006028742548505917, -0.033692304709961665, -0.011161459639089388, -0.013975424853384374, -0.005074271474433306, 1.0, -0.012919170735093858, -0.009511131262321466, 0.02600897934666123], [-0.07163597953511941, 0.7699836947995526, 0.2573516748904071, 0.35947736872027286, 0.5026031390693267, 0.7555998600604154, -0.012919170735093858, 1.0, 0.2668231123885837, -0.08420613309292004], [-0.08503243302120457, 0.07315229059416867, 0.026139299526642925, 0.07587522820610212, 0.05008045103383629, 0.2279362456472686, -0.009511131262321466, 0.2668231123885837, 1.0, -0.2246505396300233], [0.06724902985896457, -0.008815904967140192, -0.13848010340890352, null, null, -0.07542708289611146, 0.02600897934666123, -0.08420613309292004, -0.2246505396300233, 1.0]], \"x\": [\"acct_type\", \"actualpaymentamount\", \"amt_past_due\", \"cashlimit\", \"creditlimit\", \"cur_balance_amt\", \"customer_no\", \"high_credit_amt\", \"owner_indic\", \"paymentfrequency\"], \"y\": [\"acct_type\", \"actualpaymentamount\", \"amt_past_due\", \"cashlimit\", \"creditlimit\", \"cur_balance_amt\", \"customer_no\", \"high_credit_amt\", \"owner_indic\", \"paymentfrequency\"], \"colorscale\": \"Viridis\", \"reversescale\": false, \"text\": true, \"opacity\": 1.0}], {\"title\": \"Pearson Correlation for Account\", \"xaxis\": {\"ticks\": \"\", \"nticks\": 36}, \"yaxis\": {\"ticks\": \"\"}, \"width\": 800, \"height\": 700}, {\"showLink\": true, \"linkText\": \"Export to plot.ly\"})});</script>"
      ]
     },
     "metadata": {},
     "output_type": "display_data"
    }
   ],
   "source": [
    "# creating a list of only numerical values\n",
    "categorical_account = []\n",
    "for col, value in account.iteritems():\n",
    "    if value.dtype == 'object':\n",
    "        categorical_account.append(col)\n",
    "\n",
    "# Store the numerical columns in a list numerical\n",
    "numerical_account = account.columns.difference(categorical_account)\n",
    "\n",
    "data2 = [go.Heatmap(\n",
    "        z=account[numerical_account].astype(float).corr().values, # Generating the Pearson correlation\n",
    "        x=account[numerical_account].columns.values,\n",
    "        y=account[numerical_account].columns.values,\n",
    "        colorscale='Viridis',\n",
    "        reversescale = False,\n",
    "        text = True ,\n",
    "        opacity = 1.0\n",
    "        \n",
    "    )\n",
    "]\n",
    "\n",
    "\n",
    "layout = go.Layout(\n",
    "    title='Pearson Correlation for Account',\n",
    "    xaxis = dict(ticks='', nticks=36),\n",
    "    yaxis = dict(ticks='' ),\n",
    "    width = 800, height = 700,\n",
    "    \n",
    ")\n",
    "\n",
    "\n",
    "fig = go.Figure(data=data2, layout=layout)\n",
    "py.iplot(fig, filename='labelled-heatmap')"
   ]
  },
  {
   "cell_type": "markdown",
   "metadata": {},
   "source": [
    "## Data - Heat map"
   ]
  },
  {
   "cell_type": "code",
   "execution_count": 46,
   "metadata": {},
   "outputs": [
    {
     "data": {
      "application/vnd.plotly.v1+json": {
       "data": [
        {
         "colorscale": "Viridis",
         "opacity": 1,
         "reversescale": false,
         "text": true,
         "type": "heatmap",
         "x": [
          "Bad_label",
          "customer_no",
          "feature_14",
          "feature_19",
          "feature_25",
          "feature_26",
          "feature_29",
          "feature_3",
          "feature_30",
          "feature_31",
          "feature_34",
          "feature_35",
          "feature_39",
          "feature_4",
          "feature_40",
          "feature_41",
          "feature_42",
          "feature_44",
          "feature_49",
          "feature_52",
          "feature_55",
          "feature_56",
          "feature_64",
          "feature_65",
          "feature_66",
          "feature_67",
          "feature_68",
          "feature_69",
          "feature_7",
          "feature_71",
          "feature_74",
          "feature_76",
          "feature_78"
         ],
         "y": [
          "Bad_label",
          "customer_no",
          "feature_14",
          "feature_19",
          "feature_25",
          "feature_26",
          "feature_29",
          "feature_3",
          "feature_30",
          "feature_31",
          "feature_34",
          "feature_35",
          "feature_39",
          "feature_4",
          "feature_40",
          "feature_41",
          "feature_42",
          "feature_44",
          "feature_49",
          "feature_52",
          "feature_55",
          "feature_56",
          "feature_64",
          "feature_65",
          "feature_66",
          "feature_67",
          "feature_68",
          "feature_69",
          "feature_7",
          "feature_71",
          "feature_74",
          "feature_76",
          "feature_78"
         ],
         "z": [
          [
           1,
           -0.0016734756064113448,
           -0.004178294401314073,
           0.0052400605493236494,
           0.021890037027618697,
           -0.024275324172295557,
           -0.018597372433596233,
           -0.045324986199290186,
           0.006465609313335366,
           -0.006704939676163029,
           0.01623083089046771,
           -0.007513050309912021,
           -0.016562162692539725,
           0.017171713369064052,
           -0.004737214132921708,
           -0.025934629378325202,
           -0.002602027571618253,
           -0.01711741347377567,
           0.09897414945083353,
           -0.05369324852699969,
           0.006461139447748692,
           0.001373669308221703,
           0.0035701777211337793,
           0.005321739178128617,
           -0.012901356726484662,
           0.0038083265816044607,
           0.01623083089046771,
           -0.007513050309912021,
           -0.05941753597385348,
           0.009505308233873633,
           -0.17160161824591108,
           0.0003368674139763155,
           -0.0049654667087490525
          ],
          [
           -0.0016734756064113448,
           1,
           0.4906137927170692,
           -0.0036820705147334516,
           0.03591924447353271,
           -0.3083197808248261,
           -0.23775998034078813,
           0.03095145197436406,
           -0.022391903830761447,
           0.19978034689307642,
           -0.008920050387686182,
           -0.0534459750241136,
           0.00927687217884736,
           -0.20107473546344953,
           0.00552546443341653,
           -0.03543627696825062,
           0.018294525963836995,
           -0.23402519605589597,
           0.3578456961244306,
           -0.0804761194305393,
           -0.007234686731651413,
           0.03684281673164282,
           0.052522360561311356,
           0.05604113251731871,
           -0.15073436020667694,
           0.04373306272649426,
           -0.008920050387686182,
           -0.0534459750241136,
           -0.04202339407896121,
           0.06467516861738053,
           -0.5544750377146468,
           -0.003087427692590815,
           -0.009859386351814204
          ],
          [
           -0.004178294401314073,
           0.4906137927170692,
           1,
           -0.01760441278858417,
           0.00555845969777517,
           0.03706819006397056,
           -0.5901878374901005,
           0.017656588312791495,
           -0.04247952191811071,
           -0.06730124651090671,
           -0.03659466103231104,
           -0.04404594901735324,
           0.03681477259203872,
           0.13490121423742824,
           -0.06570289109807573,
           -0.0022102590154883116,
           0.014144531439144098,
           -0.5830178719779557,
           0.2777011431511867,
           0.018858895445926775,
           -0.023793962551618437,
           0.014383820717524578,
           0.0751891056448548,
           0.10258549343229677,
           -0.33384187092411793,
           0.18710311055657114,
           -0.03659466103231104,
           -0.04404594901735324,
           -0.012511002435871292,
           0.07898153713234106,
           -0.034199278402838394,
           -0.03155449772460691,
           -0.014359434675937208
          ],
          [
           0.0052400605493236494,
           -0.0036820705147334516,
           -0.01760441278858417,
           1,
           0.016425217758851876,
           -0.045214172327090185,
           -0.017524033520058387,
           0.03924421272821155,
           0.0337974574687237,
           0.011151351564096544,
           0.02927666755214475,
           -0.0037675343695190108,
           -0.029063689491814565,
           -0.026289579826971384,
           -0.015031413334927003,
           -0.03739915406840674,
           -0.00661856814004961,
           -0.018594658965559886,
           -0.01561699455265159,
           -0.03925940134005741,
           0.9183545026952268,
           -0.007163651186741392,
           -0.012487917104343585,
           -0.022052924096134817,
           -0.04713552022366206,
           -0.03764713600240014,
           0.02927666755214475,
           -0.0037675343695190108,
           -0.018877685897006957,
           -0.00891975898325693,
           -0.2506402059138017,
           0.010210665635405554,
           0.003446143703024322
          ],
          [
           0.021890037027618697,
           0.03591924447353271,
           0.00555845969777517,
           0.016425217758851876,
           1,
           -0.24914752853036076,
           -0.04460110896604431,
           -0.1150930157249576,
           0.05438902651641541,
           0.007266135935972198,
           -0.10173136671116978,
           -0.02702803867595351,
           0.10309248939653032,
           0.028980936834074836,
           0.08088785804967924,
           -0.131967619787549,
           0.09787745271059255,
           -0.0341270540031592,
           0.12933919295168658,
           -0.05878652947217029,
           -0.03992157100588156,
           -0.027280297391354492,
           0.004213974595492685,
           0.028328969233114523,
           0.008867377028778751,
           0.07144879083351079,
           -0.10173136671116978,
           -0.02702803867595351,
           -0.12655976080868653,
           0.02314390061531806,
           -0.17160161824591108,
           -0.013520089032738087,
           0.009952898772105735
          ],
          [
           -0.024275324172295557,
           -0.3083197808248261,
           0.03706819006397056,
           -0.045214172327090185,
           -0.24914752853036076,
           1,
           0.08846381242670538,
           0.033914196252537596,
           -0.029486268552520734,
           -0.16792428699701073,
           0.014278987880019819,
           0.05739258455905099,
           -0.01373114044743883,
           0.18732290322392475,
           -0.029788862378196404,
           0.10053360896563625,
           -0.04807204379424284,
           0.08499756826063036,
           -0.1563656706493814,
           0.11079300624209652,
           -0.03299088207674153,
           0.04724639159850935,
           0.026701937086181106,
           -0.012503052265079051,
           0.04246834922383013,
           -0.029659345259994217,
           0.014278987880019819,
           0.05739258455905099,
           0.08692441724427923,
           0.02254778773374951,
           -0.009685485552825727,
           0.013797213676141003,
           0.017750914202650844
          ],
          [
           -0.018597372433596233,
           -0.23775998034078813,
           -0.5901878374901005,
           -0.017524033520058387,
           -0.04460110896604431,
           0.08846381242670538,
           1,
           -0.01334747297768176,
           0.07754670893280338,
           -0.020106773727077337,
           -0.00668825375680681,
           0.08047083096767527,
           0.007432650832454447,
           -0.15188009631663454,
           0.08203775434907228,
           0.0694722568184024,
           -0.0060323340060319695,
           0.9831999311791741,
           -0.1832548626613713,
           0.049117637259595025,
           -0.015244518986245426,
           0.08791027027105532,
           -0.02281145293230413,
           -0.152680874578784,
           0.6505723795091825,
           -0.20112646378520008,
           -0.00668825375680681,
           0.08047083096767527,
           0.044233914158931846,
           -0.04981923484293946,
           -0.28035522646493527,
           0.02239059551870336,
           0.028201050955931242
          ],
          [
           -0.045324986199290186,
           0.03095145197436406,
           0.017656588312791495,
           0.03924421272821155,
           -0.1150930157249576,
           0.033914196252537596,
           -0.01334747297768176,
           1,
           -0.05683515888464552,
           0.004059299070045524,
           0.11154777246485849,
           0.05258882644985929,
           -0.11088943684512462,
           -0.24971817823927422,
           -0.081547390911004,
           -0.005147366046049577,
           -0.04425172622021079,
           -0.019027377701911402,
           0.24159712346815512,
           0.05608922934988052,
           0.04117660061446218,
           0.06067605314751931,
           0.031023624844398096,
           -0.04067195733547864,
           -0.060671717651005756,
           -0.06824157892486431,
           0.11154777246485849,
           0.05258882644985929,
           0.3108001617143452,
           0.03245279026302043,
           -0.3636267811030918,
           -0.008648978023459365,
           -0.005579708846392614
          ],
          [
           0.006465609313335366,
           -0.022391903830761447,
           -0.04247952191811071,
           0.0337974574687237,
           0.05438902651641541,
           -0.029486268552520734,
           0.07754670893280338,
           -0.05683515888464552,
           1,
           -0.0063289582943158946,
           -0.21098887070224379,
           0.01355453703582482,
           0.2125417382766754,
           0.03646655821386578,
           0.15681015242174842,
           0.11759481225169206,
           0.05189595448450966,
           0.07677942698616616,
           0.025076517690608164,
           -0.049536009191954854,
           0.038722857649436664,
           0.04807617598836597,
           0.14137420090433267,
           0.12853177012573266,
           0.23549377982661557,
           0.35997430994240914,
           -0.21098887070224379,
           0.01355453703582482,
           -0.06149532656556001,
           0.03351555762918294,
           -0.1305158904647152,
           -0.010187686413279376,
           0.05122429723631644
          ],
          [
           -0.006704939676163029,
           0.19978034689307642,
           -0.06730124651090671,
           0.011151351564096544,
           0.007266135935972198,
           -0.16792428699701073,
           -0.020106773727077337,
           0.004059299070045524,
           -0.0063289582943158946,
           1,
           0.025977020377948055,
           -0.022160637156156463,
           -0.027214505145376388,
           -0.22278909247734455,
           0.12358793342532028,
           -0.030019797546593018,
           0.018635494276994565,
           -0.021087046136896145,
           -0.0034258570611554154,
           -0.04797819187687934,
           0.013781259284652056,
           -0.009951574381052864,
           -0.012990375595360495,
           -0.011119938940639047,
           -0.026352580624382137,
           -0.028757511758070342,
           0.025977020377948055,
           -0.022160637156156463,
           -0.023667120662233632,
           -0.011914271812297253,
           null,
           -0.0023346545992868045,
           -0.05298004851625202
          ],
          [
           0.01623083089046771,
           -0.008920050387686182,
           -0.03659466103231104,
           0.02927666755214475,
           -0.10173136671116978,
           0.014278987880019819,
           -0.00668825375680681,
           0.11154777246485849,
           -0.21098887070224379,
           0.025977020377948055,
           1,
           0.028159469107977095,
           -0.9958207338060852,
           -0.0739922012347653,
           -0.5185161945244672,
           -0.761586786065272,
           -0.09198607069907751,
           -0.020431389751895422,
           -0.23002146654727307,
           0.10224026195961143,
           0.04362640996219001,
           -0.03921813134930819,
           -0.09115676565454607,
           -0.07370692736869096,
           -0.10078705545359354,
           -0.18373629660607538,
           1,
           0.028159469107977095,
           0.1134286476080985,
           -0.09620221310338195,
           -0.012659242088545882,
           0.017360778101479964,
           -0.042258891422060144
          ],
          [
           -0.007513050309912021,
           -0.0534459750241136,
           -0.04404594901735324,
           -0.0037675343695190108,
           -0.02702803867595351,
           0.05739258455905099,
           0.08047083096767527,
           0.05258882644985929,
           0.01355453703582482,
           -0.022160637156156463,
           0.028159469107977095,
           1,
           -0.02869722993256853,
           0.0049542176212404665,
           -2.1685412502698303e-05,
           -0.0022326816758132437,
           -0.001300642662964495,
           0.07920770433774828,
           -0.2740713085898581,
           0.008591979949621468,
           -0.0033959935886327193,
           0.016036217695073914,
           0.0060124924199556895,
           -0.01704608840697252,
           0.04839682735746587,
           -0.017458844103342464,
           0.028159469107977095,
           1,
           0.09128780154139544,
           0.005301959297839889,
           -0.06966552947022571,
           0.006207223277771375,
           0.003819972150459654
          ],
          [
           -0.016562162692539725,
           0.00927687217884736,
           0.03681477259203872,
           -0.029063689491814565,
           0.10309248939653032,
           -0.01373114044743883,
           0.007432650832454447,
           -0.11088943684512462,
           0.2125417382766754,
           -0.027214505145376388,
           -0.9958207338060852,
           -0.02869722993256853,
           1,
           0.0745556839952114,
           0.5213200782896844,
           0.7635486499754285,
           0.09282590066327556,
           0.021133800455561874,
           0.2307426257648506,
           -0.10150334462715385,
           -0.04317499486401691,
           0.04057689530664754,
           0.09258364380753957,
           0.07469083979608632,
           0.10179552009064437,
           0.18510075983720573,
           -0.9958207338060852,
           -0.02869722993256853,
           -0.11318304539680553,
           0.09722386409880454,
           0.013122839505736157,
           -0.017745387744223257,
           0.042526285916186866
          ],
          [
           0.017171713369064052,
           -0.20107473546344953,
           0.13490121423742824,
           -0.026289579826971384,
           0.028980936834074836,
           0.18732290322392475,
           -0.15188009631663454,
           -0.24971817823927422,
           0.03646655821386578,
           -0.22278909247734455,
           -0.0739922012347653,
           0.0049542176212404665,
           0.0745556839952114,
           1,
           0.0003877491491304925,
           0.027412580528898903,
           0.01875524267907962,
           -0.14920148937400662,
           0.028151088925851185,
           0.0623584791836542,
           -0.026591811590630336,
           0.014633711011401524,
           0.043422586042373944,
           0.07671002544629045,
           -0.0736877126991876,
           0.08551085971721395,
           -0.0739922012347653,
           0.0049542176212404665,
           -0.09208425009891394,
           0.03281903440941293,
           0.10107594250783003,
           -0.018689878327470096,
           0.024448633358672953
          ],
          [
           -0.004737214132921708,
           0.00552546443341653,
           -0.06570289109807573,
           -0.015031413334927003,
           0.08088785804967924,
           -0.029788862378196404,
           0.08203775434907228,
           -0.081547390911004,
           0.15681015242174842,
           0.12358793342532028,
           -0.5185161945244672,
           -2.1685412502698303e-05,
           0.5213200782896844,
           0.0003877491491304925,
           1,
           0.34997076490862755,
           0.06013577113189484,
           0.09032780069829906,
           0.09895543686342936,
           -0.08118439486281255,
           -0.026951996956566793,
           0.01267125118216513,
           0.030197076181122755,
           0.023789455426985164,
           0.09851935227618983,
           0.07619970674715273,
           -0.5185161945244672,
           -2.1685412502698303e-05,
           -0.07892717150888029,
           0.04242494422823821,
           0.41643645093413273,
           -0.01067182346124444,
           0.020758570126570647
          ],
          [
           -0.025934629378325202,
           -0.03543627696825062,
           -0.0022102590154883116,
           -0.03739915406840674,
           -0.131967619787549,
           0.10053360896563625,
           0.0694722568184024,
           -0.005147366046049577,
           0.11759481225169206,
           -0.030019797546593018,
           -0.761586786065272,
           -0.0022326816758132437,
           0.7635486499754285,
           0.027412580528898903,
           0.34997076490862755,
           1,
           -0.07527494161832818,
           0.07515356450584164,
           0.1287685543207694,
           -0.020961216344980774,
           -0.03907926059019876,
           0.044918092529223436,
           0.060492690286815504,
           0.02323015104108353,
           0.0945930987722579,
           0.0801039617580518,
           -0.761586786065272,
           -0.0022326816758132437,
           0.01346183021155967,
           0.06258504227115268,
           -0.04483569625041251,
           -0.0012709589060006562,
           0.025852416221372146
          ],
          [
           -0.002602027571618253,
           0.018294525963836995,
           0.014144531439144098,
           -0.00661856814004961,
           0.09787745271059255,
           -0.04807204379424284,
           -0.0060323340060319695,
           -0.04425172622021079,
           0.05189595448450966,
           0.018635494276994565,
           -0.09198607069907751,
           -0.001300642662964495,
           0.09282590066327556,
           0.01875524267907962,
           0.06013577113189484,
           -0.07527494161832818,
           1,
           -0.002004260992923452,
           0.04097088358215071,
           -0.03181457011226867,
           -0.009670420275919984,
           -0.00810198763716857,
           0.00877035325383328,
           0.01124721366591432,
           0.024882550131647287,
           0.05328726330615891,
           -0.09198607069907751,
           -0.001300642662964495,
           -0.042704304562822745,
           0.010074144951048246,
           -0.17160161824591105,
           -9.651230166539045e-05,
           0.001988068078445503
          ],
          [
           -0.01711741347377567,
           -0.23402519605589597,
           -0.5830178719779557,
           -0.018594658965559886,
           -0.0341270540031592,
           0.08499756826063036,
           0.9831999311791741,
           -0.019027377701911402,
           0.07677942698616616,
           -0.021087046136896145,
           -0.020431389751895422,
           0.07920770433774828,
           0.021133800455561874,
           -0.14920148937400662,
           0.09032780069829906,
           0.07515356450584164,
           -0.002004260992923452,
           1,
           -0.17561264492592424,
           0.04694973927733747,
           -0.0163410938417571,
           0.030976562195553874,
           -0.05865624690923183,
           -0.14219308061347496,
           0.6462172416752529,
           -0.19497866187176463,
           -0.020431389751895422,
           0.07920770433774828,
           0.039650713024242494,
           0.03876352844946469,
           -0.19599395068311168,
           0.02007171097882908,
           0.02702403127262823
          ],
          [
           0.09897414945083353,
           0.3578456961244306,
           0.2777011431511867,
           -0.01561699455265159,
           0.12933919295168658,
           -0.1563656706493814,
